z = primes(10000)

z =

  Columns 1 through 7

           2           3           5           7          11          13          17

  Columns 8 through 14

          19          23          29          31          37          41          43

  Columns 15 through 21

          47          53          59          61          67          71          73

  Columns 22 through 28

          79          83          89          97         101         103         107

  Columns 29 through 35

         109         113         127         131         137         139         149

  Columns 36 through 42

         151         157         163         167         173         179         181

  Columns 43 through 49

         191         193         197         199         211         223         227

  Columns 50 through 56

         229         233         239         241         251         257         263

  Columns 57 through 63

         269         271         277         281         283         293         307

  Columns 64 through 70

         311         313         317         331         337         347         349

  Columns 71 through 77

         353         359         367         373         379         383         389

  Columns 78 through 84

         397         401         409         419         421         431         433

  Columns 85 through 91

         439         443         449         457         461         463         467

  Columns 92 through 98

         479         487         491         499         503         509         521

  Columns 99 through 105

         523         541         547         557         563         569         571

  Columns 106 through 112

         577         587         593         599         601         607         613

  Columns 113 through 119

         617         619         631         641         643         647         653

  Columns 120 through 126

         659         661         673         677         683         691         701

  Columns 127 through 133

         709         719         727         733         739         743         751

  Columns 134 through 140

         757         761         769         773         787         797         809

  Columns 141 through 147

         811         821         823         827         829         839         853

  Columns 148 through 154

         857         859         863         877         881         883         887

  Columns 155 through 161

         907         911         919         929         937         941         947

  Columns 162 through 168

         953         967         971         977         983         991         997

  Columns 169 through 175

        1009        1013        1019        1021        1031        1033        1039

  Columns 176 through 182

        1049        1051        1061        1063        1069        1087        1091

  Columns 183 through 189

        1093        1097        1103        1109        1117        1123        1129

  Columns 190 through 196

        1151        1153        1163        1171        1181        1187        1193

  Columns 197 through 203

        1201        1213        1217        1223        1229        1231        1237

  Columns 204 through 210

        1249        1259        1277        1279        1283        1289        1291

  Columns 211 through 217

        1297        1301        1303        1307        1319        1321        1327

  Columns 218 through 224

        1361        1367        1373        1381        1399        1409        1423

  Columns 225 through 231

        1427        1429        1433        1439        1447        1451        1453

  Columns 232 through 238

        1459        1471        1481        1483        1487        1489        1493

  Columns 239 through 245

        1499        1511        1523        1531        1543        1549        1553

  Columns 246 through 252

        1559        1567        1571        1579        1583        1597        1601

  Columns 253 through 259

        1607        1609        1613        1619        1621        1627        1637

  Columns 260 through 266

        1657        1663        1667        1669        1693        1697        1699

  Columns 267 through 273

        1709        1721        1723        1733        1741        1747        1753

  Columns 274 through 280

        1759        1777        1783        1787        1789        1801        1811

  Columns 281 through 287

        1823        1831        1847        1861        1867        1871        1873

  Columns 288 through 294

        1877        1879        1889        1901        1907        1913        1931

  Columns 295 through 301

        1933        1949        1951        1973        1979        1987        1993

  Columns 302 through 308

        1997        1999        2003        2011        2017        2027        2029

  Columns 309 through 315

        2039        2053        2063        2069        2081        2083        2087

  Columns 316 through 322

        2089        2099        2111        2113        2129        2131        2137

  Columns 323 through 329

        2141        2143        2153        2161        2179        2203        2207

  Columns 330 through 336

        2213        2221        2237        2239        2243        2251        2267

  Columns 337 through 343

        2269        2273        2281        2287        2293        2297        2309

  Columns 344 through 350

        2311        2333        2339        2341        2347        2351        2357

  Columns 351 through 357

        2371        2377        2381        2383        2389        2393        2399

  Columns 358 through 364

        2411        2417        2423        2437        2441        2447        2459

  Columns 365 through 371

        2467        2473        2477        2503        2521        2531        2539

  Columns 372 through 378

        2543        2549        2551        2557        2579        2591        2593

  Columns 379 through 385

        2609        2617        2621        2633        2647        2657        2659

  Columns 386 through 392

        2663        2671        2677        2683        2687        2689        2693

  Columns 393 through 399

        2699        2707        2711        2713        2719        2729        2731

  Columns 400 through 406

        2741        2749        2753        2767        2777        2789        2791

  Columns 407 through 413

        2797        2801        2803        2819        2833        2837        2843

  Columns 414 through 420

        2851        2857        2861        2879        2887        2897        2903

  Columns 421 through 427

        2909        2917        2927        2939        2953        2957        2963

  Columns 428 through 434

        2969        2971        2999        3001        3011        3019        3023

  Columns 435 through 441

        3037        3041        3049        3061        3067        3079        3083

  Columns 442 through 448

        3089        3109        3119        3121        3137        3163        3167

  Columns 449 through 455

        3169        3181        3187        3191        3203        3209        3217

  Columns 456 through 462

        3221        3229        3251        3253        3257        3259        3271

  Columns 463 through 469

        3299        3301        3307        3313        3319        3323        3329

  Columns 470 through 476

        3331        3343        3347        3359        3361        3371        3373

  Columns 477 through 483

        3389        3391        3407        3413        3433        3449        3457

  Columns 484 through 490

        3461        3463        3467        3469        3491        3499        3511

