hw5p2e()

p =

    0.6079


ans =

    0.6079

diary off
